00000641
00000000
00000000
00000643
00000000
00000041
0000000A
00000008
00000001
00000041
0000000A
0000000C
00000063
00000041
0000000A
00000010
00000002
00000041
0000000A
00000014
00000063
00000041
00000063
00000018
00000003
00000041
00000001
0000001C
00000063
00000641
00000000
00000000
00000000
00000000
00000041
00000645
00000000
00000000
00000000
00000000
00000041
0000002A
0000002B
00000019
00000041
0000002A
0000002F
00000019
00000041
0000002A
00000033
00000019
00000041
00000063
00000037
0000001B
00000041
00000063
0000003B
0000001B
00000041
00000063
0000003F
0000001B
00000000
00000000
00000000
00000000
00000041
00000043
00000045
00000019
00000000
00000011
00000000
0000004D
0000004A
00000000