0000000A
00000005
00000003
00000014
0000000A
00000000
0000000A
00000009
00000001
00000000
00000063
0000000D
00000063
00000000
00000005
00000011
00000002
00000000
00000063
00000015
00000063
00000000
0000000A
00000019
00000003
00000000
0000000A
0000001D
00000063
0000002A
00000008
00000005
0000000F
00000005
00000000
0000002A
00000008
00000001
00000001
00000001
00000000
00000005
0000002C
00000000
00000000
00000005
00000030
00000000
00000000
00000005
00000034
00000000
00000000
0000002A
00000038
00000000
00000000
0000002A
0000003C
00000000
00000000
0000002A
00000040
00000000
00000002
00000002
00000002
00000002
00000000
00000000
00000000
00000000
00000001
00000000
00000005
00000000
00000000
00000000